"Pre-load",0.1,"N"
"Speed, flexure modulus",20,"mm/min"
"Test speed",20,"mm/min"
"Deformation","Standard force"
"mm","N"
0,0.118197
1.47279e-006,0.112197
6.58881e-007,0.11638
0.000157448,0.114828
0.0013765,0.136379
0.00270659,0.167585
0.00385037,0.193265
0.0051703,0.22423
0.00670385,0.259419
0.00843879,0.302237
0.0103601,0.338692
0.0114039,0.360309
0.0124824,0.387732
0.0136166,0.421103
0.0148095,0.450717
0.0160489,0.482557
0.0173397,0.516721
0.0186751,0.552867
0.0200663,0.589713
0.0214998,0.630149
0.0229836,0.671009
0.0245223,0.711372
0.0261105,0.748957
0.027756,0.787468
0.029439,0.831758
0.0311845,0.877106
0.0329812,0.917323
0.0348129,0.953696
0.0366984,0.9914
0.0386374,1.03231
0.0406275,1.076
0.0426654,1.12318
0.044749,1.17149
0.0468872,1.22378
0.0490746,1.27262
0.0513133,1.32248
0.0536023,1.37867
0.0559448,1.4325
0.0583279,1.49432
0.0607578,1.55763
0.0632446,1.6205
0.0657867,1.67983
0.0683629,1.743
0.0709991,1.80359
0.0737126,1.86855
0.0764407,1.93217
0.0792152,1.99795
0.082063,2.06892
0.084929,2.13533
0.0878518,2.2094
0.0908526,2.28493
0.0938967,2.3642
0.0969921,2.446
0.100131,2.52686
0.103314,2.60473
0.106569,2.68861
0.109835,2.7702
0.11314,2.85741
0.11646,2.94856
0.119792,3.03405
0.123127,3.11809
0.126449,3.20326
0.12977,3.28821
0.133113,3.36871
0.136466,3.45551
0.139803,3.54145
0.143118,3.62942
0.146449,3.70909
0.149774,3.78504
0.15311,3.86771
0.156456,3.95576
0.159791,4.0426
0.163109,4.12584
0.166446,4.21155
0.169796,4.29231
0.173106,4.37548
0.17643,4.45562
0.179755,4.54294
0.183094,4.63383
0.186439,4.71794
0.189759,4.79691
0.19309,4.8796
0.19642,4.96515
0.199766,5.05155
0.203113,5.13763
0.206432,5.22169
0.209774,5.31082
0.213093,5.39718
0.216439,5.47992
0.21979,5.56814
0.223116,5.65982
0.22645,5.74481
0.229772,5.82888
0.233121,5.91031
0.236451,5.9926
0.239769,6.07926
0.243108,6.16438
0.246438,6.25047
0.249779,6.3392
0.253116,6.42457
0.256438,6.50947
0.259774,6.60103
0.263121,6.69031
0.266459,6.77778
0.269773,6.86923
0.273095,6.95302
0.276417,7.03785
0.27975,7.12303
0.283101,7.20884
0.286439,7.2923
0.289759,7.37583
0.293081,7.46102
0.296437,7.54809
0.299765,7.63767
0.303085,7.72436
0.306407,7.81452
0.309749,7.89956
0.313115,7.98723
0.316443,8.0755
0.319767,8.16697
0.323104,8.25837
0.326454,8.34412
0.329801,8.43031
0.333114,8.5192
0.336445,8.60849
0.339771,8.69741
0.343122,8.79235
0.346469,8.88127
0.349794,8.96597
0.353126,9.05323
0.35645,9.13911
0.359798,9.22465
0.363121,9.31159
0.366436,9.39429
0.369768,9.47429
0.37309,9.55475
0.376431,9.63212
0.379767,9.71517
0.383088,9.80101
0.386417,9.8823
0.389761,9.96499
0.393115,10.0477
0.396434,10.1301
0.399754,10.2183
0.403077,10.3142
0.406418,10.4082
0.40977,10.4956
0.413113,10.5808
0.416453,10.6681
0.419781,10.7616
0.423122,10.8526
0.426443,10.9409
0.429762,11.0321
0.433097,11.1176
0.436426,11.199
0.439763,11.2825
0.443106,11.3725
0.44644,11.458
0.449768,11.5369
0.453111,11.6159
0.45647,11.6992
0.459783,11.7883
0.463112,11.8703
0.466437,11.9563
0.469773,12.0384
0.473122,12.1207
0.47645,12.2012
0.479783,12.2877
0.483106,12.3758
0.486448,12.459
0.489779,12.5443
0.493082,12.6253
0.496418,12.7136
0.49975,12.799
0.503087,12.8905
0.506423,12.984
0.509754,13.0724
0.513088,13.1576
0.51644,13.2446
0.519795,13.3361
0.523112,13.4246
0.526433,13.5187
0.529764,13.6033
0.533096,13.6924
0.536449,13.7801
0.539791,13.8631
0.543126,13.9471
0.546452,14.0304
0.549803,14.1186
0.553136,14.2013
0.556456,14.2888
0.559781,14.3712
0.563107,14.459
0.566448,14.5472
0.569775,14.6291
0.573103,14.7139
0.576428,14.8023
0.579759,14.8926
0.583112,14.9834
0.586427,15.0724
0.58976,15.1589
0.593075,15.2471
0.5964,15.3362
0.599756,15.4239
0.60309,15.5141
0.606435,15.6025
0.609767,15.6871
0.613108,15.7748
0.616451,15.8586
0.619769,15.9477
0.623102,16.0355
0.626441,16.1296
0.629782,16.2216
0.633108,16.3104
0.636425,16.3965
0.639764,16.4866
0.643117,16.5831
0.64646,16.6781
0.649779,16.7727
0.653108,16.8615
0.65643,16.9512
0.659766,17.0382
0.663114,17.1238
0.666455,17.2117
0.669784,17.3106
0.67311,17.4026
0.676464,17.4925
0.679795,17.5802
0.683106,17.6693
0.686431,17.7592
0.68976,17.8497
0.693111,17.9398
0.696431,18.0334
0.699753,18.1261
0.703085,18.2116
0.706418,18.303
0.709773,18.3996
0.713099,18.496
0.716431,18.5878
0.719758,18.6797
0.723085,18.7774
0.726446,18.8768
0.729781,18.9735
0.733115,19.0678
0.736449,19.1649
0.739786,19.2583
0.743132,19.3497
0.746452,19.4401
0.749784,19.5364
0.753118,19.6371
0.756452,19.7295
0.759792,19.8202
0.763114,19.9142
0.766442,20.0118
0.769777,20.1049
0.773117,20.1996
0.77644,20.29
0.779757,20.3791
0.783082,20.4633
0.786409,20.5497
0.78975,20.6336
0.793096,20.7252
0.796427,20.8166
0.799749,20.9034
0.803093,20.9944
0.806442,21.0834
0.809764,21.1758
0.813085,21.2711
0.816413,21.3694
0.819781,21.4646
0.823126,21.5654
0.826439,21.6568
0.829772,21.7478
0.833111,21.84
0.836463,21.9379
0.839784,22.0365
0.843107,22.1324
0.846432,22.2306
0.849771,22.3304
0.853125,22.4285
0.856454,22.5221
0.859784,22.6165
0.863118,22.7139
0.866452,22.8087
0.869795,22.9017
0.873106,22.9935
0.876435,23.0873
0.879762,23.1769
0.883099,23.2656
0.886443,23.351
0.889766,23.4412
0.893094,23.5331
0.896424,23.6192
0.899778,23.7134
0.903108,23.7961
0.906421,23.8883
0.909743,23.9803
0.91307,24.0714
0.916423,24.1605
0.919767,24.2551
0.923114,24.3492
0.926446,24.4409
0.929778,24.5352
0.933114,24.6286
0.936433,24.7249
0.939764,24.8181
0.943098,24.9081
0.946434,25.0006
0.949778,25.0943
0.953115,25.1889
0.956451,25.2797
0.959778,25.3689
0.963137,25.4627
0.96646,25.5516
0.969774,25.6486
0.973101,25.7379
0.976426,25.8276
0.979775,25.9182
0.983111,26.0077
0.986438,26.0931
0.989767,26.1783
0.993099,26.2687
0.996443,26.3546
0.999756,26.441
1.00308,26.5243
1.00641,26.6154
1.00975,26.7098
1.01309,26.8012
1.01643,26.8951
1.01977,26.9901
1.02311,27.0822
1.02647,27.1756
1.0298,27.2685
1.03311,27.3657
1.03643,27.4632
1.03976,27.5566
1.0431,27.6511
1.04645,27.745
1.04978,27.8341
1.05311,27.923
1.05645,28.0192
1.0598,28.1061
1.06312,28.1926
1.06644,28.2804
1.06976,28.3719
1.0731,28.4584
1.07645,28.5405
1.07977,28.628
1.08311,28.7162
1.08643,28.8038
1.08979,28.8899
1.09312,28.9779
1.09643,29.0704
1.09977,29.162
1.10307,29.2539
1.10642,29.3452
1.10976,29.4382
1.11309,29.5291
1.11643,29.624
1.11976,29.7171
1.12311,29.8079
1.12643,29.9022
1.12976,29.9948
1.1331,30.0893
1.13644,30.1826
1.13978,30.2756
1.1431,30.3674
1.14643,30.4593
1.14978,30.5492
1.15313,30.6423
1.15646,30.7357
1.15978,30.8262
1.16311,30.9134
1.16644,31.0017
1.16978,31.0854
1.17312,31.1766
1.17645,31.2691
1.17977,31.3558
1.18311,31.4399
1.18646,31.524
1.18977,31.6106
1.19309,31.7039
1.19642,31.7942
1.19977,31.8793
1.2031,31.9676
1.20642,32.0553
1.20975,32.1388
1.21309,32.2312
1.21644,32.329
1.21978,32.4182
1.2231,32.5065
1.22644,32.5921
1.22976,32.687
1.23311,32.7824
1.23645,32.8769
1.23978,32.9687
1.24311,33.0658
1.24644,33.155
1.24979,33.2412
1.25311,33.3326
1.25644,33.4254
1.25978,33.5178
1.26311,33.6019
1.26645,33.6894
1.26978,33.7777
1.27311,33.8651
1.27645,33.9528
1.27979,34.0412
1.28313,34.1289
1.28644,34.2164
1.28976,34.3019
1.29309,34.3898
1.29642,34.4786
1.29977,34.5681
1.30311,34.656
1.30642,34.7445
1.30975,34.829
1.3131,34.9199
1.31643,35.0101
1.31975,35.102
1.32307,35.1908
1.32642,35.2803
1.32978,35.3725
1.33311,35.4661
1.33644,35.5549
1.33977,35.6501
1.34312,35.7475
1.34647,35.8395
1.34978,35.9335
1.35311,36.028
1.35644,36.121
1.3598,36.2124
1.36314,36.3012
1.36646,36.3824
1.36979,36.4745
1.37312,36.5618
1.37646,36.6512
1.37978,36.7405
1.3831,36.8278
1.38643,36.9115
1.38975,37.0027
1.3931,37.0842
1.39643,37.1706
1.39975,37.2583
1.40308,37.3446
1.40642,37.4288
1.40978,37.5074
1.41309,37.5922
1.41642,37.6784
1.41974,37.7675
1.42309,37.8535
1.42644,37.9479
1.42978,38.0388
1.43313,38.1312
1.43645,38.2192
1.43979,38.3192
1.44311,38.4149
1.44643,38.5063
1.44976,38.6003
1.4531,38.6918
1.45644,38.7847
1.45978,38.8764
1.46311,38.9667
1.46644,39.0579
1.46979,39.1479
1.47313,39.2294
1.47645,39.3188
1.47977,39.4063
1.4831,39.4911
1.48644,39.5805
1.48978,39.6661
1.49311,39.7491
1.49645,39.8338
1.49977,39.92
1.50312,40.0065
1.50644,40.0927
1.50975,40.1812
1.51308,40.2745
1.51642,40.3695
1.51975,40.4586
1.52309,40.5531
1.52642,40.6459
1.52976,40.7394
1.53311,40.8322
1.53646,40.9277
1.53977,41.0257
1.5431,41.1207
1.54643,41.213
1.54977,41.3028
1.55311,41.3949
1.55646,41.4827
1.55979,41.5736
1.56312,41.6654
1.56647,41.7566
1.5698,41.8423
1.57312,41.9241
1.57644,42.0123
1.57977,42.0998
1.58311,42.1867
1.58644,42.2728
1.58977,42.3598
1.59309,42.4429
1.59643,42.5266
1.59978,42.6124
1.60309,42.7002
1.60643,42.7934
1.60974,42.8765
1.61307,42.9585
1.61642,43.0436
1.61976,43.1327
1.6231,43.2184
1.62644,43.3085
1.62978,43.4007
1.63312,43.4887
1.63644,43.5802
1.63977,43.6696
1.64311,43.767
1.64645,43.8634
1.64978,43.9556
1.65309,44.0433
1.65643,44.1319
1.65979,44.2242
1.66312,44.3143
1.66644,44.4033
1.66977,44.4848
1.6731,44.5699
1.67643,44.6514
1.67978,44.7328
1.68312,44.8159
1.68645,44.906
1.68978,44.9955
1.69313,45.0839
1.69645,45.1643
1.69977,45.2491
1.7031,45.3395
1.70643,45.4267
1.70978,45.5164
1.71309,45.6064
1.71642,45.6986
1.71975,45.7869
1.72309,45.8825
1.72644,45.9709
1.72976,46.0634
1.7331,46.1531
1.73642,46.2432
1.73976,46.3292
1.74311,46.4149
1.74644,46.5065
1.74978,46.5946
1.75311,46.6842
1.75645,46.7656
1.75979,46.8532
1.76311,46.9427
1.76645,47.0332
1.76978,47.1201
1.77312,47.2142
1.77646,47.3031
1.77978,47.3879
1.78311,47.4807
1.78645,47.566
1.78979,47.6559
1.7931,47.7422
1.79643,47.8262
1.79975,47.9096
1.80308,47.9955
1.80642,48.0817
1.80976,48.1671
1.81309,48.2553
1.81642,48.3351
1.81976,48.423
1.82311,48.508
1.82643,48.5951
1.82975,48.6819
1.83308,48.7724
1.83645,48.8652
1.83979,48.9577
1.84311,49.0501
1.84644,49.1429
1.84978,49.2393
1.85313,49.33
1.85644,49.4245
1.85977,49.5164
1.86309,49.6117
1.86644,49.7051
1.86979,49.7942
1.87312,49.8782
1.87645,49.9649
1.87978,50.05
1.88312,50.1351
1.88646,50.2235
1.88977,50.3053
1.8931,50.3905
1.89643,50.4759
1.89977,50.5555
1.90311,50.6408
1.90643,50.7258
1.90976,50.8149
1.91309,50.9015
1.91645,50.9887
1.91977,51.0773
1.92308,51.1665
1.92641,51.259
1.92974,51.3494
1.93309,51.4423
1.93643,51.5335
1.93978,51.6293
1.9431,51.7203
1.94644,51.8135
1.94978,51.9045
1.9531,51.9959
1.95643,52.0898
1.95976,52.1738
1.9631,52.2588
1.96644,52.3467
1.96978,52.4335
1.97312,52.5169
1.97645,52.5996
1.97981,52.6903
1.98313,52.7784
1.98644,52.8617
1.98977,52.9476
1.9931,53.0357
1.99645,53.1227
1.99978,53.21
2.00311,53.2943
2.00643,53.3795
2.00976,53.4656
2.01311,53.5466
2.01642,53.6289
2.01975,53.716
2.02308,53.8027
2.02642,53.8927
2.02976,53.9837
2.03309,54.0732
2.03643,54.1614
2.03977,54.2496
2.04313,54.3442
2.04646,54.4306
2.04977,54.5203
2.0531,54.6074
2.05642,54.696
2.05977,54.7841
2.06311,54.8723
2.06645,54.9628
2.06977,55.0518
2.07312,55.1442
2.07646,55.226
2.07978,55.3192
2.08311,55.4076
2.08643,55.5001
2.08978,55.5877
2.09312,55.6712
2.09644,55.7585
2.09977,55.8371
2.1031,55.9231
2.10645,56.007
2.10978,56.0937
2.1131,56.1778
2.11642,56.2641
2.11974,56.3474
2.12309,56.4367
2.12642,56.5277
2.12976,56.6181
2.13309,56.7111
2.13643,56.8053
2.13978,56.8914
2.1431,56.9861
2.14643,57.0768
2.14977,57.168
2.15311,57.261
2.15645,57.353
2.15977,57.4417
2.1631,57.5252
2.16645,57.6136
2.1698,57.7002
2.17313,57.7895
2.17645,57.8701
2.17978,57.9496
2.18311,58.0366
2.18645,58.1206
2.18979,58.2041
2.19312,58.295
2.19643,58.3817
2.19978,58.4681
2.20313,58.5505
2.20643,58.6352
2.20976,58.7219
2.21308,58.8135
2.21643,58.9003
2.21977,58.9849
2.22309,59.0672
2.22642,59.1465
2.22975,59.2371
2.2331,59.3247
2.23644,59.4117
2.23977,59.4984
2.2431,59.5878
2.24643,59.6769
2.24978,59.7651
2.25312,59.8572
2.25645,59.9455
2.25978,60.0346
2.26311,60.1184
2.26646,60.2036
2.26978,60.2917
2.27311,60.3793
2.27644,60.4644
2.27977,60.548
2.28312,60.6316
2.28645,60.7142
2.28977,60.8031
2.29311,60.8921
2.29646,60.9808
2.29979,61.0646
2.3031,61.1474
2.30643,61.2338
2.30975,61.3181
2.31309,61.4062
2.31644,61.4909
2.31977,61.579
2.32309,61.662
2.32642,61.7428
2.32977,61.8263
2.33309,61.9171
2.33641,62.0034
2.33974,62.0874
2.3431,62.1713
2.34645,62.2553
2.34977,62.3402
2.3531,62.4237
2.35644,62.5148
2.3598,62.6087
2.36313,62.6951
2.36644,62.7758
2.36978,62.8606
2.37311,62.9465
2.37646,63.0365
2.3798,63.1238
2.38313,63.2114
2.38646,63.2964
2.38979,63.3788
2.39313,63.4606
2.39644,63.545
2.39976,63.6309
2.40309,63.7141
2.40642,63.7962
2.40977,63.8804
2.41309,63.9593
2.41642,64.0417
2.41975,64.127
2.4231,64.207
2.42644,64.2853
2.42976,64.3664
2.43309,64.4499
2.43641,64.5397
2.43976,64.6238
2.4431,64.7061
2.44645,64.7937
2.44979,64.8801
2.45311,64.9631
2.45646,65.0527
2.45977,65.1437
2.4631,65.2341
2.46643,65.3251
2.46976,65.409
2.4731,65.4988
2.47644,65.5866
2.47978,65.675
2.4831,65.7572
2.48646,65.8388
2.4898,65.9183
2.49311,66.002
2.49645,66.0813
2.49977,66.1564
2.50311,66.2368
2.50645,66.3133
2.50978,66.3907
2.51312,66.468
2.51644,66.5483
2.51978,66.629
2.5231,66.7142
2.52642,66.792
2.52975,66.871
2.53308,66.9574
2.53642,67.0443
2.53975,67.1307
2.54309,67.2198
2.54643,67.3031
2.54978,67.3877
2.55312,67.4782
2.55644,67.5656
2.55977,67.6531
2.56309,67.743
2.56644,67.8296
2.56979,67.9121
2.57312,67.9931
2.57646,68.0768
2.57979,68.1607
2.58314,68.2442
2.58646,68.3247
2.58978,68.4049
2.59311,68.4842
2.59644,68.5671
2.59978,68.6473
2.6031,68.7256
2.60644,68.8111
2.60975,68.8908
2.6131,68.97
2.61644,69.0542
2.61976,69.1389
2.62309,69.2186
2.6264,69.3015
2.62974,69.3854
2.63309,69.4686
2.63643,69.5548
2.63977,69.6407
2.6431,69.73
2.64645,69.8161
2.64977,69.8976
2.6531,69.9818
2.65644,70.0697
2.65977,70.1551
2.66311,70.2402
2.66644,70.3255
2.66975,70.4084
2.6731,70.4858
2.67645,70.5615
2.67979,70.6455
2.6831,70.7296
2.68644,70.8108
2.68976,70.8906
2.6931,70.9716
2.69645,71.0507
2.69978,71.13
2.7031,71.2142
2.70644,71.2959
2.7098,71.3737
2.71311,71.4475
2.71643,71.5235
2.71976,71.5972
2.72309,71.6773
2.72644,71.7603
2.72975,71.8377
2.73308,71.9178
2.73641,71.9977
2.73975,72.0835
2.7431,72.1667
2.74642,72.2514
2.74976,72.3334
2.75308,72.419
2.75643,72.4961
2.75978,72.5776
2.76311,72.6609
2.76645,72.7435
2.76977,72.8263
2.77313,72.9021
2.77646,72.9866
2.77978,73.0694
2.78312,73.1535
2.78645,73.2316
2.78979,73.3152
2.79312,73.3896
2.79645,73.4698
2.79978,73.548
2.80312,73.6264
2.80645,73.7095
2.80977,73.7842
2.81309,73.858
2.81641,73.933
2.81974,74.0136
2.82309,74.0935
2.82643,74.1782
2.82976,74.2534
2.83308,74.3258
2.83644,74.3986
2.83977,74.4756
2.84309,74.5579
2.84642,74.6394
2.84976,74.7177
2.85312,74.7958
2.85645,74.8708
2.85978,74.9481
2.86311,75.0291
2.86645,75.1154
2.8698,75.1953
2.87311,75.2753
2.87644,75.3525
2.87977,75.4292
2.88312,75.5078
2.88646,75.5864
2.88979,75.6615
2.89312,75.7309
2.89645,75.805
2.89979,75.8775
2.90312,75.9529
2.90643,76.022
2.90977,76.0935
2.91309,76.1682
2.91644,76.239
2.91977,76.3106
2.9231,76.3876
2.92642,76.4674
2.92976,76.5434
2.93312,76.6176
2.93643,76.6917
2.93975,76.7731
2.94307,76.849
2.94641,76.9258
2.94976,77.0055
2.9531,77.0799
2.95645,77.1555
2.95977,77.2314
2.96312,77.3055
2.96644,77.3852
2.96977,77.4656
2.9731,77.5385
2.97643,77.6155
2.97978,77.693
2.98311,77.7672
2.98645,77.8414
2.98978,77.911
2.99312,77.9839
2.99647,78.0591
2.99978,78.1343
3.00311,78.2087
3.00643,78.2829
3.00977,78.3566
3.01311,78.4321
3.01644,78.5058
3.01977,78.584
3.0231,78.6667
3.02644,78.7499
3.02977,78.8301
3.03308,78.9123
3.03642,78.9939
3.03975,79.0807
3.04309,79.1683
3.04643,79.2582
3.04976,79.3475
3.0531,79.4324
3.05645,79.5183
3.05981,79.6018
3.06312,79.691
3.06644,79.7747
3.06977,79.8621
3.0731,79.9515
3.07644,80.0367
3.07978,80.1159
3.08312,80.1998
3.08644,80.2852
3.08979,80.3675
3.09313,80.4502
3.09644,80.5327
3.09977,80.6135
3.1031,80.6958
3.10644,80.7756
3.10978,80.8586
3.11311,80.9422
3.11643,81.0236
3.11977,81.1087
3.12312,81.1977
3.12644,81.2812
3.12977,81.3658
3.13308,81.451
3.1364,81.5352
3.13975,81.6163
3.14309,81.6998
3.14643,81.7902
3.14976,81.8789
3.1531,81.9612
3.15644,82.0423
3.15976,82.1293
3.1631,82.2147
3.16644,82.3015
3.16978,82.3834
3.17311,82.47
3.17643,82.549
3.17977,82.623
3.18312,82.7003
3.18647,82.7798
3.18979,82.8607
3.19312,82.9402
3.19644,83.0194
3.19977,83.0991
3.20312,83.1847
3.20645,83.2655
3.20978,83.3501
3.2131,83.4272
3.21645,83.5057
3.21979,83.5806
3.2231,83.6567
3.22642,83.7324
3.22976,83.8084
3.2331,83.8866
3.23643,83.9624
3.23975,84.0378
3.24309,84.1187
3.24642,84.2031
3.24978,84.2848
3.25311,84.3721
3.25644,84.4545
3.25977,84.5384
3.26309,84.6202
3.26645,84.7002
3.26978,84.7785
3.27311,84.8609
3.27644,84.9365
3.27977,85.014
3.28312,85.0949
3.28644,85.1739
3.28977,85.2571
3.29311,85.3354
3.29644,85.4146
3.29978,85.4957
3.30311,85.5726
3.30644,85.6509
3.30978,85.7309
3.31313,85.8065
3.31645,85.8793
3.31977,85.9598
3.32309,86.032
3.32642,86.104
3.32976,86.1754
3.33311,86.2477
3.33643,86.3279
3.33975,86.404
3.34309,86.4795
3.34644,86.5597
3.34976,86.6382
3.35308,86.7142
3.35641,86.7906
3.35977,86.8729
3.36311,86.9547
3.36644,87.0348
3.36977,87.1126
3.37311,87.1886
3.37646,87.2684
3.37979,87.3446
3.38311,87.4205
3.38644,87.4931
3.38978,87.5732
3.39313,87.6486
3.39646,87.7235
3.39979,87.7971
3.40312,87.8684
3.40645,87.9401
3.4098,88.0119
3.41311,88.0856
3.41643,88.1594
3.41976,88.233
3.42309,88.3018
3.42643,88.37
3.42976,88.4403
3.43309,88.5089
3.43642,88.5819
3.43977,88.6574
3.4431,88.728
3.44642,88.8037
3.44974,88.8805
3.45308,88.9553
3.45643,89.0301
3.45977,89.1058
3.46312,89.1814
3.46645,89.2569
3.46978,89.3288
3.47312,89.3995
3.47644,89.4743
3.47976,89.5458
3.48309,89.6141
3.48643,89.6864
3.48977,89.7606
3.49311,89.8327
3.49644,89.9001
3.49977,89.9697
3.50313,90.0412
3.50646,90.1113
3.50978,90.1773
3.51311,90.2501
3.51643,90.3229
3.51979,90.3892
3.52312,90.458
3.52645,90.5253
3.52978,90.5903
3.53311,90.6596
3.53645,90.7269
3.53976,90.7963
3.54308,90.8694
3.54642,90.9338
3.54975,91.004
3.55309,91.0761
3.55642,91.1429
3.55976,91.2072
3.56309,91.2791
3.56645,91.3487
3.56979,91.4178
3.5731,91.4885
3.57643,91.5606
3.57976,91.6334
3.58311,91.6995
3.58645,91.764
3.58979,91.8301
3.59312,91.9048
3.59646,91.9723
3.59981,92.0379
3.60313,92.109
3.60645,92.172
3.60977,92.2338
3.61311,92.2982
3.61645,92.3659
3.61976,92.4327
3.6231,92.5015
3.62642,92.5683
3.62977,92.6374
3.6331,92.7061
3.63642,92.7686
3.63976,92.8385
3.64307,92.9055
3.64641,92.968
3.64976,93.0301
3.6531,93.0984
3.65643,93.1612
3.65977,93.2188
3.66312,93.2837
3.66644,93.3498
3.66977,93.4184
3.6731,93.4869
3.67644,93.5531
3.67978,93.6237
3.6831,93.6965
3.68642,93.7577
3.68977,93.8229
3.69312,93.8972
3.69645,93.9676
3.69977,94.0296
3.7031,94.0899
3.70643,94.1536
3.70977,94.2204
3.71312,94.2834
3.71645,94.3442
3.71977,94.4083
3.72312,94.4744
3.72647,94.5327
3.72978,94.5908
3.7331,94.6556
3.73642,94.724
3.73977,94.7878
3.74311,94.8512
3.74642,94.912
3.74975,94.9756
3.75308,95.0438
3.75643,95.1078
3.75977,95.1753
3.7631,95.239
3.76644,95.3038
3.76975,95.366
3.7731,95.4278
3.77645,95.4949
3.77978,95.5636
3.78312,95.6291
3.78644,95.6913
3.7898,95.7556
3.79312,95.8168
3.79645,95.8766
3.79978,95.9406
3.80311,96.0041
3.80645,96.0638
3.80978,96.1217
3.81311,96.1801
3.81644,96.2413
3.81979,96.3075
3.82312,96.3658
3.82643,96.4205
3.82975,96.4793
3.83308,96.5366
3.83641,96.5938
3.83976,96.6526
3.8431,96.7125
3.84642,96.7701
3.84975,96.8285
3.85311,96.8843
3.85644,96.9442
3.85976,97.0098
3.86308,97.0703
3.86643,97.1307
3.86979,97.1909
3.87311,97.2553
3.87644,97.315
3.87977,97.3793
3.88312,97.4417
3.88646,97.5056
3.88977,97.5682
3.8931,97.6217
3.89643,97.6865
3.89979,97.7472
3.90313,97.8055
3.90645,97.8597
3.90979,97.9187
3.91311,97.9738
3.91646,98.032
3.91978,98.0897
3.9231,98.149
3.92644,98.2127
3.92976,98.2691
3.93311,98.3236
3.93644,98.3801
3.93976,98.439
3.94309,98.4972
3.94644,98.5556
3.94979,98.6107
3.9531,98.6631
3.95641,98.7173
3.95974,98.7714
3.96309,98.8305
3.96643,98.8868
3.96977,98.9458
3.97312,99.0025
3.97644,99.0589
3.97978,99.1214
3.98311,99.1808
3.98643,99.2407
3.98977,99.2954
3.9931,99.3564
3.99644,99.4136
3.99978,99.4753
4.00312,99.5356
4.00645,99.5933
4.00979,99.6467
4.01314,99.6983
4.01645,99.752
4.01977,99.8093
4.0231,99.867
4.02644,99.9196
4.02978,99.9752
4.03311,100.029
4.03644,100.078
4.03976,100.129
4.0431,100.181
4.04643,100.231
4.04974,100.283
4.05308,100.335
4.05642,100.389
4.05976,100.446
4.06309,100.496
4.06643,100.545
4.06977,100.598
4.07312,100.65
4.07647,100.708
4.07978,100.764
4.08311,100.818
4.08643,100.873
4.08976,100.927
4.09311,100.979
4.09645,101.035
4.09978,101.093
4.10311,101.146
4.10646,101.202
4.10979,101.253
4.11311,101.305
4.11644,101.357
4.11977,101.406
4.12312,101.457
4.12644,101.508
4.12977,101.551
4.1331,101.595
4.13644,101.644
4.13979,101.694
4.1431,101.744
4.14644,101.797
4.14974,101.847
4.15307,101.898
4.15642,101.949
4.15975,102
4.16309,102.059
4.16643,102.116
4.16977,102.165
4.17311,102.215
4.17642,102.27
4.17976,102.323
4.1831,102.378
4.18645,102.434
4.18977,102.485
4.1931,102.541
4.19644,102.588
4.19979,102.632
4.20314,102.691
4.20645,102.745
4.20978,102.793
4.2131,102.837
4.21644,102.886
4.21978,102.936
4.22312,102.985
4.22644,103.032
4.22977,103.08
4.23312,103.131
4.23645,103.169
4.23976,103.216
4.24309,103.262
4.24642,103.314
4.24977,103.359
4.25309,103.403
4.25642,103.45
4.25975,103.498
4.26309,103.548
4.26645,103.596
4.26977,103.646
4.27311,103.694
4.27643,103.741
4.27977,103.793
4.28312,103.845
4.28645,103.895
4.28978,103.944
4.29311,103.988
4.29645,104.033
4.29979,104.084
4.30311,104.139
4.30644,104.188
4.30978,104.238
4.31311,104.277
4.31645,104.321
4.31978,104.364
4.32311,104.409
4.32645,104.457
4.32979,104.502
4.33311,104.544
4.33643,104.582
4.33975,104.628
4.34308,104.674
4.34643,104.724
4.34977,104.768
4.35309,104.814
4.35641,104.859
4.35976,104.906
4.3631,104.957
4.36642,105.009
4.36974,105.062
4.37308,105.107
4.37644,105.153
4.37978,105.199
4.3831,105.247
4.38643,105.296
4.38978,105.343
4.39314,105.387
4.39645,105.431
4.39978,105.472
4.4031,105.505
4.40645,105.549
4.4098,105.586
4.41313,105.626
4.41646,105.666
4.41979,105.705
4.42313,105.747
4.42646,105.791
4.42977,105.834
4.4331,105.876
4.43642,105.925
4.43976,105.965
4.4431,106.006
4.44642,106.047
4.44975,106.085
4.45309,106.128
4.45645,106.169
4.45977,106.208
4.46309,106.247
4.46641,106.29
4.46975,106.331
4.4731,106.37
4.47644,106.408
4.47979,106.451
4.48312,106.502
4.48646,106.542
4.48979,106.581
4.4931,106.622
4.49643,106.666
4.49976,106.703
4.5031,106.743
4.50644,106.788
4.50978,106.834
4.51311,106.867
4.51644,106.896
4.5198,106.938
4.52312,106.978
4.52644,107.02
4.52977,107.057
4.5331,107.1
4.53645,107.139
4.53978,107.175
4.54311,107.213
4.54644,107.255
4.54977,107.297
4.55312,107.334
4.55642,107.373
4.55975,107.412
4.56308,107.452
4.56642,107.493
4.56975,107.532
4.57309,107.57
4.57642,107.609
4.57976,107.649
4.58313,107.686
4.58645,107.725
4.58977,107.768
4.5931,107.807
4.59643,107.849
4.59977,107.89
4.60312,107.932
4.60646,107.975
4.60978,108.014
4.61313,108.055
4.61647,108.097
4.61978,108.137
4.62311,108.175
4.62644,108.214
4.62978,108.251
4.63311,108.287
4.63643,108.322
4.63976,108.355
4.64309,108.389
4.64644,108.422
4.64977,108.458
4.65309,108.495
4.65642,108.529
4.65974,108.563
4.66309,108.594
4.66643,108.634
4.66977,108.669
4.6731,108.709
4.67644,108.746
4.67979,108.782
4.6831,108.819
4.68643,108.855
4.68977,108.893
4.69311,108.933
4.69644,108.972
4.69976,109.006
4.70309,109.042
4.70644,109.076
4.70979,109.118
4.71312,109.158
4.71644,109.193
4.71977,109.229
4.7231,109.264
4.72644,109.294
4.72979,109.331
4.73312,109.362
4.73644,109.396
4.73979,109.426
4.74313,109.452
4.74644,109.481
4.74977,109.511
4.75309,109.542
4.75644,109.576
4.75977,109.611
4.76309,109.644
4.76642,109.678
4.76975,109.713
4.7731,109.756
4.77644,109.794
4.77976,109.828
4.7831,109.865
4.78642,109.902
4.78977,109.934
4.79311,109.971
4.79645,110.009
4.79978,110.044
4.80311,110.079
4.80647,110.106
4.80978,110.141
4.81311,110.179
4.81645,110.21
4.81979,110.24
4.82313,110.268
4.82645,110.294
4.82977,110.322
4.83311,110.353
4.83646,110.383
4.83978,110.417
4.8431,110.446
4.84642,110.473
4.84975,110.502
4.85308,110.535
4.85643,110.567
4.85976,110.596
4.86308,110.625
4.86642,110.653
4.86978,110.681
4.8731,110.712
4.87642,110.743
4.87974,110.774
4.8831,110.808
4.88646,110.84
4.88978,110.871
4.89311,110.906
4.89644,110.942
4.8998,110.974
4.90312,111.011
4.90644,111.043
4.90977,111.077
4.9131,111.113
4.91646,111.143
4.91979,111.171
4.92312,111.201
4.92645,111.229
4.92978,111.256
4.93313,111.288
4.93644,111.316
4.93977,111.342
4.9431,111.369
4.94643,111.39
4.94978,111.418
4.9531,111.446
4.95643,111.475
4.95976,111.502
4.96311,111.528
4.96645,111.552
4.96976,111.578
4.97308,111.611
4.9764,111.642
4.97975,111.674
4.9831,111.699
4.98644,111.728
4.98978,111.758
4.99311,111.793
4.99645,111.825
4.99977,111.859
5.0031,111.893
5.00643,111.916
5.00977,111.944
5.01311,111.972
5.01645,112.001
5.01979,112.026
5.02311,112.051
5.02647,112.073
5.02981,112.098
5.03311,112.127
5.03644,112.149
5.03976,112.173
5.04311,112.2
5.04644,112.228
5.04977,112.252
5.0531,112.279
5.05643,112.307
5.05977,112.334
5.06309,112.364
5.06641,112.385
5.06975,112.413
5.07309,112.442
5.07643,112.466
5.07976,112.493
5.0831,112.52
5.08643,112.544
5.08979,112.566
5.09313,112.594
5.09644,112.616
5.09977,112.64
5.10309,112.664
5.10643,112.692
5.10978,112.717
5.11312,112.742
5.11645,112.766
5.11978,112.792
5.12313,112.816
5.12645,112.836
5.12977,112.859
5.1331,112.887
5.13644,112.913
5.13978,112.934
5.14311,112.953
5.14644,112.969
5.14976,112.992
5.15311,113.009
5.15645,113.033
5.15976,113.054
5.1631,113.075
5.1664,113.092
5.16974,113.11
5.17309,113.133
5.17642,113.156
5.17976,113.184
5.18309,113.206
5.18644,113.228
5.18977,113.247
5.19309,113.266
5.19643,113.289
5.19978,113.315
5.20312,113.338
5.20644,113.359
5.20977,113.38
5.21311,113.398
5.21646,113.417
5.2198,113.446
5.22311,113.472
5.22644,113.496
5.22977,113.51
5.23311,113.528
5.23645,113.549
5.23978,113.566
5.2431,113.584
5.24644,113.605
5.24979,113.625
5.25311,113.637
5.25643,113.654
5.25975,113.674
5.26309,113.697
5.26644,113.72
5.26976,113.738
5.27309,113.762
5.27642,113.787
5.27977,113.812
5.28311,113.834
5.28644,113.862
5.28978,113.882
5.2931,113.904
5.29644,113.931
5.29979,113.953
5.30312,113.975
5.30645,113.998
5.30977,114.02
5.31312,114.039
5.31645,114.061
5.31977,114.083
5.32311,114.109
5.32644,114.129
5.32978,114.144
5.33312,114.161
5.33644,114.179
5.33978,114.197
5.34313,114.211
5.34646,114.228
5.34977,114.239
5.3531,114.249
5.35642,114.26
5.35975,114.276
5.3631,114.291
5.36643,114.311
5.36975,114.326
5.37308,114.341
5.37643,114.359
5.37977,114.375
5.38308,114.399
5.38641,114.417
5.38975,114.434
5.39311,114.451
5.39645,114.47
5.39976,114.486
5.4031,114.502
5.40645,114.518
5.40979,114.534
5.41311,114.55
5.41644,114.564
5.41977,114.583
5.42312,114.601
5.42647,114.619
5.42979,114.632
5.43312,114.647
5.43645,114.664
5.43979,114.681
5.44312,114.698
5.44643,114.718
5.44976,114.735
5.45308,114.754
5.45642,114.773
5.45976,114.785
5.46308,114.799
5.46641,114.811
5.46975,114.823
5.47311,114.836
5.47643,114.854
5.47975,114.868
5.48307,114.885
5.48642,114.901
5.48976,114.914
5.49311,114.927
5.49645,114.946
5.49978,114.962
5.50312,114.983
5.50645,115.005
5.50976,115.022
5.5131,115.038
5.51643,115.054
5.51977,115.065
5.52311,115.08
5.52644,115.098
5.52977,115.11
5.53311,115.122
5.53647,115.135
5.53978,115.148
5.54311,115.162
5.54644,115.175
5.54978,115.186
5.55312,115.197
5.55645,115.208
5.55978,115.219
5.56311,115.233
5.56645,115.248
5.56978,115.262
5.57308,115.277
5.57642,115.286
5.57975,115.297
5.58308,115.309
5.58642,115.329
5.58975,115.346
5.59309,115.363
5.59644,115.378
5.59979,115.394
5.60311,115.408
5.60643,115.421
5.60976,115.442
5.6131,115.459
5.61645,115.479
5.61979,115.49
5.62312,115.504
5.62645,115.52
5.6298,115.533
5.63314,115.543
5.63645,115.557
5.63978,115.57
5.64311,115.582
5.64644,115.592
5.64978,115.6
5.6531,115.608
5.65643,115.615
5.65976,115.621
5.66312,115.632
5.66643,115.647
5.66976,115.655
5.67308,115.665
5.6764,115.674
5.67975,115.688
5.68309,115.698
5.68643,115.715
5.68977,115.733
5.69311,115.744
5.69645,115.757
5.69977,115.767
5.7031,115.78
5.70644,115.793
5.70978,115.812
5.71311,115.828
5.71642,115.845
5.71977,115.856
5.72312,115.871
5.72646,115.891
5.72978,115.903
5.73311,115.917
5.73643,115.928
5.73977,115.939
5.74311,115.944
5.74646,115.946
5.74978,115.954
5.75311,115.96
5.75646,115.965
5.75979,115.968
5.7631,115.974
5.76643,115.98
5.76976,115.99
5.77311,115.998
5.77643,116.007
5.77975,116.019
5.78309,116.027
5.78641,116.041
5.78977,116.053
5.7931,116.062
5.79643,116.075
5.79976,116.086
5.80309,116.099
5.80644,116.109
5.80978,116.119
5.81311,116.129
5.81645,116.144
5.81978,116.153
5.82313,116.162
5.82645,116.172
5.82978,116.186
5.83312,116.195
5.83645,116.202
5.83979,116.208
5.84312,116.218
5.84644,116.229
5.84978,116.236
5.85312,116.244
5.85644,116.247
5.85976,116.254
5.86308,116.255
5.86641,116.263
5.86975,116.266
5.8731,116.277
5.87643,116.284
5.87975,116.29
5.88309,116.298
5.88644,116.307
5.88976,116.316
5.89308,116.326
5.89641,116.337
5.89978,116.347
5.90312,116.361
5.90644,116.369
5.90977,116.382
5.91311,116.394
5.91646,116.407
5.91979,116.419
5.9231,116.43
5.92643,116.439
5.92977,116.446
5.93313,116.452
5.93645,116.458
5.93978,116.46
5.94311,116.468
5.94645,116.475
5.94979,116.479
5.9531,116.483
5.95643,116.487
5.95976,116.49
5.9631,116.496
5.96644,116.499
5.96977,116.503
5.97309,116.514
5.97643,116.516
5.97978,116.519
5.98311,116.524
5.98642,116.533
5.98975,116.544
5.99307,116.556
5.99643,116.565
5.99976,116.574
6.00311,116.582
6.00645,116.591
6.00977,116.6
6.01311,116.613
6.01643,116.622
6.01977,116.626
6.0231,116.635
6.02644,116.64
6.02978,116.648
6.03312,116.654
6.03645,116.662
6.03978,116.664
6.04314,116.667
6.04646,116.671
6.04978,116.673
6.0531,116.678
6.05643,116.68
6.05978,116.683
6.06311,116.683
6.06644,116.685
6.06977,116.687
6.0731,116.689
6.07644,116.69
6.07975,116.689
6.08308,116.688
6.08642,116.688
6.08976,116.69
6.0931,116.69
6.09643,116.698
6.09976,116.698
6.10311,116.702
6.10646,116.711
6.1098,116.719
6.11311,116.727
6.11644,116.734
6.11976,116.741
6.1231,116.746
6.12644,116.755
6.12978,116.763
6.13311,116.773
6.13645,116.774
6.1398,116.774
6.14311,116.774
6.14644,116.774
6.14977,116.78
6.15311,116.787
6.15645,116.793
6.15977,116.792
6.16311,116.784
6.16643,116.782
6.16978,116.783
6.17311,116.785
6.17643,116.786
6.17976,116.788
6.18307,116.792
6.18641,116.792
6.18975,116.796
6.19309,116.802
6.19643,116.81
6.19976,116.814
6.20311,116.821
6.20643,116.827
6.20976,116.835
6.2131,116.842
6.21644,116.846
6.21978,116.849
6.2231,116.849
6.22643,116.847
6.22978,116.848
6.23313,116.855
6.23646,116.858
6.23979,116.863
6.24311,116.86
6.24644,116.859
6.24978,116.859
6.25312,116.859
6.25645,116.863
6.25977,116.867
6.26311,116.867
6.26646,116.864
6.26977,116.863
6.2731,116.86
6.27642,116.863
6.27977,116.867
6.2831,116.867
6.28642,116.868
6.28975,116.867
6.29308,116.868
6.29643,116.874
6.29978,116.876
6.3031,116.878
6.30644,116.88
6.30976,116.883
6.31311,116.888
6.31645,116.896
6.31978,116.903
6.32311,116.907
6.32644,116.912
6.32979,116.913
6.33311,116.919
6.33644,116.924
6.33978,116.928
6.34311,116.931
6.34645,116.93
6.34978,116.925
6.35311,116.922
6.35644,116.924
6.35979,116.924
6.36312,116.926
6.36644,116.924
6.36976,116.92
6.37309,116.917
6.37642,116.912
6.37977,116.91
6.3831,116.911
6.38642,116.912
6.38975,116.911
6.3931,116.912
6.39643,116.912
6.39975,116.916
6.40307,116.921
6.40642,116.923
6.40978,116.928
6.4131,116.934
6.41643,116.94
6.41977,116.947
6.42312,116.949
6.42646,116.954
6.42978,116.956
6.43311,116.953
6.43643,116.957
6.43979,116.963
6.44313,116.96
6.44646,116.955
6.4498,116.951
6.45312,116.942
6.45646,116.939
6.45978,116.933
6.4631,116.928
6.46643,116.926
6.46975,116.921
6.4731,116.913
6.47643,116.91
6.47975,116.91
6.48308,116.907
6.48642,116.912
6.48978,116.91
6.49309,116.912
6.49642,116.913
6.49974,116.918
6.50309,116.918
6.50644,116.917
6.50978,116.916
6.51312,116.916
6.51645,116.917
6.51979,116.92
6.52311,116.925
6.52643,116.932
6.52977,116.937
6.5331,116.934
6.53644,116.938
6.53978,116.942
6.54311,116.945
6.54644,116.938
6.54979,116.935
6.55314,116.927
6.55644,116.924
6.55978,116.915
6.5631,116.907
6.56645,116.895
6.56979,116.884
6.57311,116.876
6.57645,116.869
6.57977,116.866
6.58312,116.866
6.58644,116.862
6.58975,116.856
6.59309,116.853
6.59642,116.852
6.59976,116.857
6.60309,116.856
6.60642,116.85
6.60976,116.849
6.61311,116.847
6.61646,116.847
6.61977,116.85
6.6231,116.851
6.62643,116.85
6.62977,116.849
6.63312,116.848
6.63646,116.848
6.63979,116.849
6.64312,116.851
6.64647,116.849
6.6498,116.843
6.65311,116.836
6.65644,116.832
6.65977,116.83
6.66311,116.826
6.66644,116.818
6.66976,116.811
6.67309,116.808
6.67643,116.798
6.67978,116.792
6.68309,116.786
6.68643,116.782
6.68974,116.777
6.69307,116.773
6.69642,116.766
6.69976,116.765
6.7031,116.764
6.70643,116.763
6.70978,116.764
6.71312,116.764
6.71644,116.764
6.71978,116.764
6.72311,116.765
6.72645,116.765
6.72978,116.771
6.73309,116.769
6.73644,116.769
6.73979,116.771
6.74313,116.773
6.74645,116.773
6.74977,116.767
6.7531,116.763
6.75644,116.758
6.75978,116.754
6.76312,116.744
6.76645,116.74
6.76978,116.73
6.77313,116.724
6.77646,116.713
6.77977,116.702
6.7831,116.698
6.78643,116.693
6.78978,116.689
6.79309,116.682
6.79642,116.679
6.79975,116.676
6.80308,116.676
6.80644,116.672
6.80976,116.67
6.8131,116.671
6.81642,116.67
6.81976,116.672
6.82311,116.67
6.82645,116.673
6.82978,116.672
6.83311,116.676
6.83645,116.677
6.83979,116.678
6.84311,116.681
6.84645,116.682
6.84978,116.682
6.85312,116.672
6.85646,116.666
6.85978,116.657
6.86311,116.654
6.86645,116.644
6.86979,116.636
6.8731,116.625
6.87642,116.616
6.87975,116.61
6.88308,116.603
6.88642,116.603
6.88976,116.599
6.89309,116.6
6.89642,116.596
6.89977,116.595
6.90311,116.597
6.90643,116.601
6.90975,116.603
6.91308,116.595
6.91645,116.592
6.91979,116.59
6.92311,116.586
6.92644,116.579
6.92978,116.58
6.93314,116.577
6.93645,116.572
6.93977,116.569
6.9431,116.563
6.94644,116.565
6.94979,116.561
6.95312,116.553
6.95645,116.552
6.95978,116.544
6.96312,116.531
6.96646,116.526
6.96977,116.519
6.9731,116.514
6.97643,116.508
6.97977,116.499
6.98311,116.49
6.98643,116.485
6.98976,116.477
6.99309,116.477
6.99645,116.475
6.99977,116.467
7.00309,116.461
7.00641,116.452
7.00974,116.445
7.01309,116.44
7.01643,116.436
7.01978,116.43
7.02311,116.424
7.02645,116.42
7.02978,116.416
7.0331,116.414
7.03643,116.413
7.03976,116.41
7.0431,116.408
7.04644,116.403
7.04978,116.397
7.05312,116.392
7.05645,116.386
7.05981,116.376
7.06313,116.371
7.06645,116.364
7.06977,116.356
7.0731,116.345
7.07645,116.34
7.07978,116.336
7.08311,116.328
7.08644,116.325
7.08977,116.318
7.09311,116.314
7.09642,116.308
7.09975,116.304
7.10308,116.298
7.10642,116.296
7.10976,116.29
7.11309,116.284
7.11643,116.28
7.11977,116.277
7.12313,116.278
7.12646,116.282
7.12978,116.28
7.1331,116.277
7.13642,116.279
7.13977,116.278
7.14311,116.273
7.14645,116.271
7.14978,116.272
7.15312,116.265
7.15646,116.261
7.15978,116.258
7.16311,116.254
7.16644,116.251
7.16978,116.246
7.17312,116.241
7.17644,116.237
7.17977,116.228
7.1831,116.219
7.18645,116.213
7.18978,116.203
7.1931,116.191
7.19642,116.183
7.19974,116.171
7.20308,116.165
7.20642,116.157
7.20976,116.151
7.21309,116.146
7.21643,116.14
7.21978,116.135
7.22309,116.133
7.22643,116.128
7.22977,116.126
7.23311,116.126
7.23645,116.122
7.23977,116.116
7.2431,116.112
7.24645,116.107
7.2498,116.106
7.25313,116.103
7.25645,116.095
7.25978,116.087
7.26311,116.075
7.26645,116.068
7.26979,116.058
7.27312,116.049
7.27643,116.039
7.27978,116.031
7.28312,116.018
7.28643,116.01
7.28976,116
7.29308,115.995
7.29643,115.992
7.29977,115.984
7.30308,115.973
7.30642,115.968
7.30975,115.961
7.31311,115.959
7.31644,115.956
7.31977,115.949
7.3231,115.942
7.32642,115.935
7.32978,115.929
7.33312,115.922
7.33644,115.922
7.33978,115.918
7.3431,115.915
7.34646,115.911
7.34978,115.907
7.3531,115.903
7.35644,115.902
7.35977,115.898
7.36312,115.887
7.36644,115.879
7.36977,115.872
7.37311,115.864
7.37646,115.858
7.37979,115.846
7.3831,115.834
7.38643,115.82
7.38975,115.807
7.39309,115.797
7.39644,115.789
7.39977,115.783
7.40308,115.777
7.40642,115.766
7.40977,115.756
7.41309,115.753
7.41641,115.749
7.41974,115.74
7.4231,115.734
7.42645,115.73
7.42977,115.728
7.4331,115.72
7.43644,115.714
7.4398,115.711
7.44313,115.707
7.44644,115.697
7.44977,115.689
7.45311,115.689
7.45646,115.683
7.4598,115.674
7.46313,115.663
7.46646,115.652
7.46978,115.638
7.47313,115.632
7.47644,115.621
7.47976,115.612
7.48309,115.602
7.48642,115.589
7.48977,115.576
7.49309,115.561
7.49642,115.548
7.49975,115.544
7.5031,115.539
7.50645,115.533
7.50976,115.522
7.51308,115.515
7.51641,115.508
7.51976,115.502
7.52311,115.493
7.52645,115.486
7.52979,115.482
7.53311,115.472
7.53646,115.466
7.53977,115.46
7.5431,115.462
7.54643,115.458
7.54976,115.448
7.5531,115.436
7.55644,115.433
7.55978,115.425
7.5631,115.415
7.56645,115.403
7.56979,115.393
7.57311,115.383
7.57644,115.371
7.57977,115.358
7.58311,115.35
7.58645,115.344
7.58978,115.33
7.59312,115.324
7.59644,115.312
7.59979,115.307
7.6031,115.3
7.60642,115.29
7.60975,115.279
7.61308,115.268
7.61642,115.261
7.61975,115.256
7.62309,115.251
7.62643,115.243
7.62978,115.237
7.63313,115.231
7.63644,115.225
7.63977,115.217
7.64309,115.21
7.64644,115.207
7.64979,115.2
7.65312,115.194
7.65646,115.185
7.65979,115.179
7.66314,115.173
7.66646,115.163
7.66978,115.15
7.67311,115.14
7.67643,115.131
7.67978,115.123
7.6831,115.106
7.68643,115.091
7.68976,115.081
7.6931,115.07
7.69644,115.06
7.69976,115.051
7.70309,115.038
7.7064,115.025
7.70974,115.013
7.71309,114.998
7.71643,114.993
7.71977,114.979
7.7231,114.971
7.72645,114.957
7.72978,114.944
7.7331,114.935
7.73644,114.931
7.73977,114.926
7.74311,114.92
7.74644,114.918
7.74976,114.913
7.75311,114.914
7.75645,114.909
7.75979,114.911
7.76311,114.909
7.76644,114.901
7.76976,114.893
7.77311,114.883
7.77645,114.874
7.77979,114.865
7.78311,114.851
7.78645,114.835
7.7898,114.823
7.79312,114.807
7.79644,114.795
7.79976,114.784
7.8031,114.773
7.80645,114.763
7.80976,114.755
7.81309,114.742
7.81642,114.739
7.81976,114.736
7.82311,114.733
7.82643,114.727
7.82976,114.716
7.83308,114.707
7.83643,114.705
7.83978,114.701
7.84311,114.696
7.84645,114.692
7.84977,114.685
7.85312,114.674
7.85646,114.664
7.85978,114.658
7.86312,114.654
7.86645,114.649
7.86979,114.637
7.87313,114.625
7.87645,114.612
7.87978,114.603
7.88312,114.596
7.88646,114.588
7.88977,114.58
7.8931,114.571
7.89641,114.559
7.89975,114.55
7.90309,114.546
7.90643,114.536
7.90975,114.526
7.91308,114.517
7.91643,114.507
7.91977,114.501
7.92309,114.492
7.92641,114.484
7.92976,114.477
7.93312,114.466
7.93645,114.454
7.93978,114.453
7.94311,114.449
7.94645,114.444
7.9498,114.441
7.95311,114.435
7.95644,114.429
7.95976,114.42
7.96311,114.419
7.96646,114.415
7.96978,114.408
7.97312,114.396
7.97644,114.386
7.97979,114.378
7.98312,114.366
7.98644,114.358
7.98977,114.347
7.99309,114.339
7.99644,114.323
7.99977,114.314
8.0031,114.303
8.00643,114.298
8.00976,114.294
8.01312,114.284
8.01643,114.276
8.01975,114.271
8.02307,114.267
8.02641,114.265
8.02976,114.262
8.0331,114.256
8.03645,114.25
8.03977,114.245
8.04311,114.243
8.04644,114.24
8.04977,114.236
8.0531,114.227
8.05644,114.22
8.05978,114.21
8.06312,114.203
8.06646,114.192
8.06979,114.183
8.07312,114.17
8.07648,114.157
8.07979,114.147
8.08311,114.137
8.08643,114.128
8.08977,114.115
8.09311,114.103
8.09644,114.089
8.09977,114.076
8.1031,114.062
8.10643,114.049
8.10977,114.037
8.11308,114.028
8.11642,114.018
8.11975,114.005
8.12309,113.999
8.12643,113.995
8.12976,113.991
8.1331,113.986
8.13645,113.981
8.1398,113.981
8.14311,113.976
8.14644,113.965
8.14976,113.958
8.15309,113.952
8.15644,113.946
8.15978,113.936
8.16311,113.924
8.16644,113.917
8.16979,113.908
8.17312,113.897
8.17644,113.883
8.17977,113.875
8.1831,113.868
8.18644,113.858
8.18978,113.843
8.1931,113.827
8.19643,113.816
8.19976,113.801
8.20311,113.788
8.20643,113.775
8.20976,113.765
8.21308,113.751
8.2164,113.733
8.21975,113.721
8.22308,113.714
8.22642,113.709
8.22976,113.701
8.2331,113.696
8.23644,113.689
8.23976,113.679
8.2431,113.673
8.24643,113.669
8.24978,113.666
8.25311,113.658
8.25643,113.65
8.25977,113.637
8.26312,113.63
8.26647,113.619
8.26978,113.61
8.27311,113.601
8.27644,113.585
8.27977,113.572
8.28312,113.558
8.28645,113.543
8.28978,113.529
8.2931,113.521
8.29645,113.503
8.29978,113.491
8.3031,113.476
8.30642,113.459
8.30975,113.447
8.3131,113.436
8.31643,113.426
8.31975,113.412
8.32309,113.401
8.32642,113.387
8.32978,113.381
8.33311,113.371
8.33644,113.359
8.33976,113.352
8.3431,113.343
8.34645,113.333
8.34978,113.322
8.35312,113.315
8.35644,113.301
8.35978,113.29
8.36312,113.28
8.36644,113.274
8.36977,113.268
8.37311,113.257
8.37644,113.246
8.37978,113.236
8.38311,113.222
8.38644,113.21
8.38978,113.201
8.39313,113.191
8.39645,113.176
8.39977,113.161
8.40309,113.151
8.40642,113.141
8.40976,113.13
8.41311,113.115
8.41644,113.101
8.41975,113.09
8.42309,113.08
8.42644,113.071
8.42976,113.065
8.43308,113.052
8.43641,113.038
8.43977,113.029
8.44311,113.019
8.44643,113.008
8.44977,113.004
8.45311,112.994
8.45646,112.987
8.45979,112.975
8.46311,112.958
8.46644,112.952
8.46978,112.942
8.47313,112.928
8.47647,112.918
8.47979,112.904
8.48312,112.889
8.48645,112.879
8.4898,112.866
8.4931,112.851
8.49643,112.838
8.49976,112.816
8.50309,112.796
8.50644,112.775
8.50976,112.759
8.51308,112.752
8.51642,112.742
8.51978,112.729
8.52311,112.713
8.52642,112.702
8.52975,112.695
8.53308,112.688
8.53643,112.679
8.53977,112.673
8.54312,112.661
8.54645,112.647
8.54978,112.633
8.55312,112.624
8.55644,112.615
8.55976,112.609
8.56309,112.595
8.56643,112.583
8.56977,112.569
8.57311,112.553
8.57644,112.537
8.57977,112.52
8.58313,112.509
8.58646,112.491
8.58978,112.481
8.59311,112.462
8.59644,112.451
8.59978,112.439
8.60312,112.423
8.60645,112.415
8.60978,112.405
8.61311,112.395
8.61645,112.38
8.61976,112.367
8.62309,112.351
8.62641,112.339
8.62975,112.327
8.63309,112.311
8.63642,112.304
8.63975,112.288
8.64309,112.272
8.64645,112.261
8.64978,112.249
8.6531,112.237
8.65643,112.231
8.65976,112.225
8.6631,112.215
8.66645,112.209
8.66979,112.198
8.67312,112.191
8.67646,112.186
8.67981,112.176
8.68312,112.164
8.68645,112.154
8.68977,112.141
8.69311,112.128
8.69644,112.114
8.69977,112.104
8.7031,112.09
8.70642,112.074
8.70977,112.064
8.71311,112.051
8.71642,112.037
8.71976,112.028
8.72307,112.016
8.72641,112.003
8.72976,111.992
8.7331,111.977
8.73644,111.968
8.73976,111.957
8.74312,111.941
8.74644,111.928
8.74977,111.918
8.75311,111.91
8.75644,111.9
8.75978,111.889
8.7631,111.879
8.76643,111.865
8.76977,111.855
8.77312,111.847
8.77646,111.843
8.77978,111.834
8.7831,111.82
8.78643,111.8
8.78978,111.786
8.79312,111.775
8.79645,111.763
8.79978,111.752
8.80312,111.738
8.80646,111.725
8.80978,111.707
8.8131,111.689
8.81642,111.678
8.81977,111.667
8.82311,111.649
8.82642,111.63
8.82975,111.613
8.83308,111.601
8.83643,111.592
8.83977,111.582
8.84309,111.571
8.84643,111.564
8.84975,111.552
8.8531,111.551
8.85645,111.543
8.85978,111.539
8.86312,111.533
8.86644,111.526
8.8698,111.513
8.87312,111.499
8.87645,111.49
8.87979,111.479
8.88312,111.466
8.88646,111.443
8.88979,111.424
8.89311,111.41
8.89644,111.395
8.89979,111.378
8.90312,111.364
8.90643,111.345
8.90975,111.321
8.91308,111.304
8.91641,111.291
8.91976,111.281
8.9231,111.27
8.92642,111.25
8.92975,111.231
8.93311,111.218
8.93644,111.207
8.93976,111.198
8.94308,111.188
8.94643,111.176
8.9498,111.161
8.95312,111.147
8.95644,111.132
8.95978,111.118
8.96312,111.109
8.96646,111.097
8.96977,111.08
8.9731,111.064
8.97643,111.051
8.97978,111.037
8.98312,111.022
8.98645,111.006
8.98979,110.993
8.99311,110.985
8.99646,110.973
8.99979,110.956
9.0031,110.943
9.00643,110.929
9.00976,110.914
9.01311,110.895
9.01643,110.878
9.01976,110.862
9.02978,110.814
9.04309,110.748
9.05312,110.711
9.06643,110.667
9.07644,110.633
9.08645,110.603
9.09645,110.57
9.10977,110.52
9.12311,110.451
9.13642,110.409
9.14643,110.38
9.15647,110.353
9.16976,110.298
9.17978,110.256
9.18979,110.212
9.20311,110.155
9.21644,110.091
9.22974,110.026
9.23975,109.979
9.24977,109.951
9.2631,109.922
9.27644,109.882
9.28645,109.837
9.29979,109.769
9.31313,109.722
9.32642,109.666
9.33975,109.599
9.34977,109.563
9.36312,109.514
9.37645,109.48
9.38978,109.431
9.40311,109.356
9.41311,109.304
9.42643,109.232
9.43976,109.164
9.45308,109.11
9.4631,109.067
9.47313,109.039
9.48645,108.982
9.49646,108.944
9.50977,108.896
9.52309,108.836
9.53644,108.777
9.54975,108.721
9.55979,108.678
9.5731,108.651
9.5831,108.617
9.59311,108.583
9.60312,108.526
9.61645,108.452
9.62977,108.372
9.64308,108.304
9.65308,108.255
9.66313,108.219
9.67643,108.167
9.68646,108.131
9.69647,108.09
9.70977,108.022
9.72309,107.948
9.73309,107.899
9.74642,107.839
9.75644,107.805
9.76977,107.763
9.78309,107.718
9.79312,107.685
9.80644,107.634
9.81979,107.578
9.83309,107.516
9.84642,107.459
9.85644,107.418
9.86977,107.381
9.87978,107.357
9.88978,107.328
9.89978,107.286
9.91311,107.226
9.92642,107.177
9.93643,107.146
9.94978,107.096
9.9631,107.056
9.97311,107.028
9.98312,107.014
9.99646,106.986
10.0098,106.945
10.0231,106.894
10.0331,106.847
10.0431,106.816
10.0564,106.769
10.0664,106.737
10.0764,106.704
10.0898,106.665
10.0998,106.637
10.1098,106.604
10.1231,106.55
10.1331,106.499
10.1464,106.442
10.1564,106.41
10.1664,106.393
10.1764,106.364
10.1898,106.323
10.1998,106.288
10.2131,106.247
10.2231,106.214
10.2365,106.167
10.2497,106.103
10.2598,106.067
10.2698,106.029
10.2798,106.002
10.2931,105.953
10.3031,105.919
10.3165,105.858
10.3298,105.803
10.3431,105.752
10.3564,105.697
10.3664,105.668
10.3764,105.638
10.3864,105.621
10.3965,105.589
10.4098,105.541
10.4231,105.479
10.4364,105.409
10.4464,105.362
10.4598,105.28
10.4731,105.223
10.4865,105.185
10.4998,105.139
10.5098,105.099
10.5198,105.054
10.5331,104.994
10.5431,104.935
10.5531,104.883
10.5664,104.816
10.5765,104.767
10.5898,104.715
10.5998,104.675
10.6098,104.635
10.6198,104.598
10.6331,104.535
10.6464,104.471
10.6597,104.419
10.6698,104.38
10.6798,104.347
10.6931,104.284
10.7031,104.236
10.7131,104.191
10.7264,104.133
10.7398,104.058
10.7498,103.998
10.7631,103.93
10.7731,103.89
10.7864,103.84
10.7998,103.781
10.8098,103.74
10.8231,103.676
10.8365,103.622
10.8498,103.565
10.8631,103.514
10.8731,103.479
10.8864,103.435
10.8964,103.401
10.9064,103.37
10.9164,103.335
10.9298,103.278
10.9431,103.209
10.9531,103.16
10.9664,103.107
10.9798,103.066
10.9898,103.034
10.9998,103.002
11.0131,102.947
11.0264,102.892
11.0398,102.842
11.0498,102.787
11.0598,102.741
11.0731,102.676
11.0831,102.632
11.0931,102.606
11.1064,102.565
11.1165,102.529
11.1265,102.482
11.1398,102.425
11.1531,102.375
11.1664,102.325
11.1764,102.296
11.1865,102.267
11.1998,102.232
11.2098,102.193
11.2198,102.159
11.2331,102.107
11.2431,102.064
11.2531,102.023
11.2664,101.966
11.2764,101.938
11.2864,101.894
11.2964,101.865
11.3098,101.823
11.3198,101.794
11.3331,101.727
11.3465,101.681
11.3598,101.633
11.3731,101.578
11.3831,101.549
11.3931,101.52
11.4031,101.498
11.4131,101.473
11.4264,101.424
11.4398,101.385
11.4531,101.336
11.4631,101.304
11.4764,101.261
11.4898,101.226
11.5031,101.19
11.5164,101.143
11.5265,101.117
11.5365,101.072
11.5498,101.023
11.5631,100.965
11.5731,100.926
11.5864,100.876
11.5964,100.838
11.6098,100.784
11.6198,100.744
11.6298,100.704
11.6431,100.645
11.6531,100.603
11.6664,100.538
11.6798,100.485
11.6898,100.442
11.6998,100.406
11.7131,100.339
11.7231,100.294
11.7364,100.22
11.7464,100.166
11.7598,100.08
11.7731,100.002
11.7831,99.9517
11.7931,99.9001
11.8064,99.8344
11.8198,99.781
11.8331,99.722
11.8431,99.6798
11.8531,99.6223
11.8664,99.5485
11.8797,99.4777
11.8898,99.4391
11.9031,99.3881
11.9165,99.3313
11.9298,99.2672
11.9431,99.1883
11.9564,99.106
11.9698,99.0438
11.9798,99.0061
11.9931,98.9546
12.0031,98.9205
12.0131,98.8934
12.0264,98.8486
12.0364,98.8044
12.0465,98.7603
12.0598,98.7002
12.0731,98.643
12.0864,98.5809
12.0964,98.5354
12.1064,98.4945
12.1198,98.4317
12.1298,98.3908
12.1398,98.3488
12.1531,98.291
12.1631,98.2474
12.1731,98.1959
12.1864,98.1411
12.1964,98.0917
12.2065,98.0546
12.2198,98.0042
12.2298,97.9602
12.2398,97.9105
12.2531,97.8283
12.2665,97.7574
12.2797,97.6897
12.2898,97.6459
12.2998,97.594
12.3131,97.5256
12.3264,97.4722
12.3365,97.4403
12.3465,97.4028
12.3598,97.3388
12.3731,97.2611
12.3864,97.1704
12.3964,97.1253
12.4098,97.0584
12.4198,97.0332
12.4331,96.9764
12.4431,96.9398
12.4565,96.8799
12.4698,96.8137
12.4798,96.7657
12.4898,96.7222
12.5031,96.6698
12.5131,96.6285
12.5231,96.6011
12.5365,96.5444
12.5498,96.4834
12.5631,96.4226
12.5731,96.3764
12.5831,96.3391
12.5964,96.2775
12.6064,96.2248
12.6165,96.1824
12.6298,96.1189
12.6398,96.0732
12.6498,96.0186
12.6631,95.9599
12.6731,95.9228
12.6864,95.8583
12.6964,95.8202
12.7064,95.769
12.7164,95.735
12.7298,95.6943
12.7398,95.6622
12.7531,95.6023
12.7664,95.5419
12.7764,95.489
12.7897,95.4326
12.7998,95.3897
12.8098,95.3401
12.8231,95.2722
12.8365,95.1944
12.8498,95.12
12.8598,95.0712
12.8698,95.0193
12.8831,94.9578
12.8964,94.888
12.9064,94.8494
12.9164,94.8097
12.9264,94.7754
12.9365,94.7344
12.9498,94.6867
12.9631,94.6137
12.9764,94.5271
12.9864,94.48
12.9964,94.4439
13.0098,94.3874
13.0198,94.3427
13.0298,94.3047
13.0431,94.2689
13.0531,94.2477
13.0631,94.2164
13.0764,94.1536
13.0898,94.0857
13.1031,94.0332
13.1131,93.9973
13.1231,93.964
13.1364,93.9166
13.1465,93.8711
13.1565,93.8206
13.1698,93.7404
13.1798,93.6773
13.1898,93.6303
13.2031,93.5741
13.2131,93.526
13.2231,93.4803
13.2364,93.4111
13.2464,93.3679
13.2598,93.295
13.2698,93.2426
13.2831,93.1618
13.2964,93.0939
13.3064,93.0407
13.3164,92.9988
13.3298,92.9354
13.3431,92.8688
13.3564,92.8098
13.3665,92.7539
13.3765,92.709
13.3898,92.6313
13.3998,92.5741
13.4098,92.5216
13.4231,92.4641
13.4331,92.432
13.4431,92.401
13.4564,92.3505
13.4698,92.2929
13.4831,92.2386
13.4931,92.2003
13.5064,92.1471
13.5198,92.0971
13.5298,92.0651
13.5398,92.0301
13.5531,91.9812
13.5665,91.9257
13.5798,91.8756
13.5898,91.8201
13.5998,91.789
13.6131,91.7268
13.6231,91.6801
13.6364,91.6179
13.6498,91.5578
13.6598,91.5267
13.6698,91.4824
13.6798,91.4506
13.6931,91.3653
13.7064,91.3003
13.7164,91.2649
13.7264,91.2361
13.7398,91.1864
13.7498,91.1491
13.7598,91.1162
13.7731,91.0463
13.7864,90.968
13.7964,90.91
13.8098,90.8524
13.8198,90.8125
13.8298,90.7733
13.8398,90.7364
13.8531,90.6907
13.8664,90.6294
13.8765,90.5929
13.8865,90.5457
13.8998,90.4882
13.9131,90.4255
13.9231,90.383
13.9331,90.3411
13.9431,90.3017
13.9531,90.2619
13.9665,90.2038
13.9798,90.141
13.9931,90.0703
14.0031,90.03
14.0131,89.9773
14.0264,89.9183
14.0364,89.8788
14.0465,89.851
14.0598,89.808
14.0698,89.7703
14.0831,89.7205
14.0931,89.6782
14.1064,89.6277
14.1197,89.5709
14.1298,89.5409
14.1398,89.5214
14.1531,89.5046
14.1631,89.485
14.1731,89.4532
14.1864,89.4039
14.1964,89.362
14.2097,89.3222
14.2198,89.2928
14.2298,89.2683
14.2398,89.2408
14.2531,89.1981
14.2665,89.1552
14.2798,89.0981
14.2898,89.0515
14.2998,88.9946
14.3131,88.9389
14.3231,88.897
14.3331,88.8659
14.3464,88.8211
14.3598,88.7698
14.3731,88.722
14.3831,88.6802
14.3931,88.636
14.4064,88.5717
14.4164,88.5197
14.4264,88.4874
14.4398,88.4339
14.4498,88.4055
14.4598,88.3559
14.4731,88.3049
14.4831,88.2518
14.4931,88.2089
14.5064,88.1359
14.5198,88.0789
14.5331,88.0372
14.5431,88.0022
14.5531,87.9668
14.5665,87.9
14.5765,87.8434
14.5898,87.799
14.6031,87.7556
14.6164,87.7189
14.6297,87.6651
14.6398,87.6266
14.6531,87.5949
14.6631,87.5711
14.6731,87.5633
14.6831,87.5497
14.6964,87.5419
14.7098,87.5294
14.7231,87.506
14.7331,87.4825
14.7431,87.464
14.7564,87.4505
14.7665,87.4382
14.7765,87.4238
14.7898,87.395
14.8031,87.3461
14.8131,87.3132
14.8264,87.2504
14.8364,87.2246
14.8464,87.1914
14.8564,87.1654
14.8698,87.1191
14.8831,87.0562
14.8931,87.0218
14.9031,86.9746
14.9164,86.9297
14.9297,86.8733
14.9398,86.8467
14.9498,86.8097
14.9598,86.7897
14.9698,86.7554
14.9798,86.7285
14.9931,86.6787
15.0064,86.6259
15.0164,86.5823
15.0298,86.5266
15.0431,86.4869
15.0531,86.4555
15.0631,86.4253
15.0765,86.3724
15.0898,86.3065
15.1031,86.2561
15.1131,86.2108
15.1231,86.1856
15.1364,86.1547
15.1464,86.1381
15.1565,86.1283
15.1698,86.1203
15.1798,86.1193
15.1898,86.1067
15.2031,86.0885
15.2131,86.0615
15.2264,86.0322
15.2364,86.0144
15.2464,86.0026
15.2564,85.9896
15.2698,85.9751
15.2798,85.9648
15.2931,85.952
15.3031,85.9398
15.3131,85.9234
15.3264,85.9051
15.3364,85.8974
15.3464,85.8975
15.3598,85.901
15.3731,85.9076
15.3831,85.9046
15.3965,85.8773
15.4098,85.8434
15.4231,85.8184
15.4364,85.7796
15.4464,85.7561
15.4564,85.7224
15.4664,85.6882
15.4765,85.6564
15.4898,85.6176
15.5031,85.5797
15.5164,85.5238
15.5264,85.4877
15.5398,85.4369
15.5531,85.3952
15.5665,85.3533
15.5798,85.3021
15.5898,85.2561
15.6031,85.2014
15.6164,85.1361
15.6298,85.0594
15.6431,84.9794
15.6531,84.9361
15.6631,84.9011
15.6764,84.8523
15.6864,84.8005
15.6965,84.7564
15.7098,84.6928
15.7198,84.653
15.7331,84.598
15.7431,84.5661
15.7531,84.5504
15.7631,84.5416
15.7764,84.5173
15.7865,84.4958
15.7998,84.4603
15.8131,84.4432
15.8231,84.4212
15.8364,84.3749
15.8464,84.3469
15.8565,84.3137
15.8698,84.2905
15.8831,84.2418
15.8964,84.1899
15.9065,84.1553
15.9165,84.1306
15.9298,84.0828
15.9431,84.023
15.9531,83.9848
15.9664,83.9419
15.9764,83.9175
15.9865,83.887
15.9965,83.8626
16.0098,83.8164
16.0231,83.7843
16.0331,83.7586
16.0464,83.7296
16.0598,83.7106
16.0698,83.6957
16.0798,83.6864
16.0931,83.6527
16.1064,83.6089
16.1198,83.5753
16.1298,83.538
16.1398,83.5099
16.1531,83.4674
16.1631,83.4364
16.1731,83.4088
16.1864,83.357
16.1965,83.325
16.2065,83.2875
16.2198,83.219
16.2331,83.1387
16.2464,83.0715
16.2564,83.0448
16.2665,83.0286
16.2798,83.0207
16.2898,83.0066
16.2998,82.9846
16.3131,82.9342
16.3231,82.9027
16.3331,82.8625
16.3464,82.815
16.3564,82.7751
16.3664,82.7358
16.3764,82.7069
16.3898,82.6678
16.3998,82.6404
16.4131,82.6002
16.4265,82.5656
16.4398,82.5201
16.4531,82.4533
16.4631,82.4092
16.4731,82.3695
16.4831,82.3429
16.4931,82.3188
16.5064,82.2527
16.5198,82.178
16.5331,82.0911
16.5431,82.0475
16.5564,81.9854
16.5698,81.937
16.5831,81.8817
16.5964,81.82
16.6065,81.7724
16.6165,81.7158
16.6298,81.6402
16.6431,81.575
16.6531,81.5377
16.6664,81.5016
16.6764,81.4805
16.6898,81.446
16.6998,81.4157
16.7098,81.3896
16.7231,81.3463
16.7331,81.3116
16.7431,81.2776
16.7564,81.2387
16.7664,81.201
16.7765,81.161
16.7898,81.1052
16.7998,81.0637
16.8098,81.0159
16.8231,80.9615
16.8364,80.9172
16.8464,80.8896
16.8598,80.8399
16.8698,80.8076
16.8831,80.7704
16.8964,80.7392
16.9064,80.7114
16.9198,80.6466
16.9331,80.5754
16.9464,80.5009
16.9598,80.4231
16.9698,80.3761
16.9831,80.3186
16.9931,80.2868
17.0031,80.2445
17.0131,80.2071
17.0264,80.15
17.0397,80.0865
17.0498,80.0494
17.0598,80.0084
17.0731,79.968
17.0831,79.9311
17.0931,79.905
17.1064,79.8636
17.1165,79.8362
17.1265,79.8022
17.1398,79.763
17.1531,79.7014
17.1664,79.6344
17.1764,79.593
17.1864,79.549
17.1998,79.4974
17.2098,79.4526
17.2198,79.416
17.2331,79.3547
17.2431,79.313
17.2531,79.272
17.2664,79.2332
17.2764,79.2027
17.2865,79.1755
17.2998,79.1316
17.3098,79.1057
17.3198,79.0683
17.3331,79.0141
17.3465,78.9311
17.3597,78.856
17.3698,78.8078
17.3798,78.771
17.3931,78.727
17.4064,78.6849
17.4165,78.6427
17.4298,78.5902
17.4431,78.5298
17.4564,78.4745
17.4698,78.4129
17.4798,78.374
17.4898,78.3342
17.5031,78.2961
17.5131,78.2651
17.5231,78.2279
17.5365,78.1687
17.5497,78.1159
17.5598,78.0804
17.5698,78.0401
17.5831,78.0006
17.5931,77.9783
17.6031,77.9719
17.6165,77.9608
17.6298,77.9362
17.6431,77.9178
17.6531,77.8915
17.6631,77.8862
17.6764,77.873
17.6865,77.8513
17.6965,77.8293
17.7098,77.7978
17.7198,77.7707
17.7298,77.7447
17.7431,77.6927
17.7531,77.6565
17.7664,77.6096
17.7764,77.58
17.7864,77.5352
17.7964,77.4908
17.8098,77.4194
17.8198,77.3737
17.8331,77.3011
17.8464,77.2395
17.8564,77.1836
17.8697,77.1203
17.8798,77.0713
17.8898,77.0306
17.9031,76.9733
17.9165,76.9211
17.9298,76.8451
17.9398,76.7909
17.9498,76.7328
17.9631,76.6742
17.9764,76.6216
17.9864,76.582
17.9964,76.5488
18.0064,76.525
18.0165,76.489
18.0298,76.429
18.0431,76.357
18.0564,76.2649
18.0664,76.2095
18.0764,76.1506
18.0898,76.0802
18.0998,76.0398
18.1098,76.0124
18.1231,75.9806
18.1331,75.9496
18.1431,75.9291
18.1564,75.8938
18.1698,75.8533
18.1831,75.8045
18.1931,75.7788
18.2031,75.7552
18.2164,75.732
18.2264,75.7126
18.2365,75.7099
18.2498,75.7064
18.2598,75.6964
18.2698,75.6834
18.2831,75.6737
18.2931,75.6742
18.3031,75.6835
18.3164,75.6824
18.3264,75.6672
18.3364,75.6443
18.3464,75.6148
18.3598,75.5891
18.3698,75.5678
18.3831,75.5509
18.3931,75.5396
18.4064,75.5283
18.4198,75.4915
18.4298,75.475
18.4431,75.4221
18.4564,75.3781
18.4697,75.312
18.4831,75.2449
18.4931,75.2104
18.5065,75.1602
18.5198,75.1022
18.5331,75.046
18.5464,74.9695
18.5564,74.9133
18.5698,74.814
18.5831,74.7252
18.5964,74.6436
18.6064,74.582
18.6165,74.5327
18.6298,74.4533
18.6398,74.3983
18.6498,74.3371
18.6631,74.2648
18.6764,74.1865
18.6864,74.1359
18.6964,74.0963
18.7065,74.0671
18.7198,74.0392
18.7298,74.0162
18.7431,73.9784
18.7564,73.9339
18.7664,73.8901
18.7765,73.8537
18.7897,73.8029
18.7998,73.7635
18.8098,73.7328
18.8231,73.6913
18.8331,73.6591
18.8431,73.6248
18.8564,73.5754
18.8698,73.5296
18.8831,73.4725
18.8931,73.4343
18.9031,73.3905
18.9164,73.3483
18.9298,73.29
18.9398,73.2439
18.9498,73.1795
18.9598,73.114
18.9698,73.0458
18.9831,72.97
18.9964,72.9066
19.0064,72.8476
19.0164,72.7987
19.0298,72.7292
19.0431,72.6532
19.0564,72.5695
19.0698,72.5048
19.0798,72.4625
19.0931,72.405
19.1064,72.3617
19.1164,72.3436
19.1265,72.3377
19.1398,72.3176
19.1498,72.2956
19.1631,72.2598
19.1731,72.2258
19.1864,72.1963
19.1997,72.1732
19.2098,72.1639
19.2198,72.1397
19.2331,72.1131
19.2431,72.0796
19.2531,72.0461
19.2664,71.9861
19.2764,71.9302
19.2897,71.8798
19.2998,71.8509
19.3098,71.819
19.3198,71.7887
19.3331,71.7608
19.3431,71.7435
19.3531,71.7114
19.3631,71.6692
19.3764,71.6256
19.3897,71.5854
19.3998,71.5628
19.4098,71.5329
19.4231,71.491
19.4364,71.4432
19.4465,71.4045
19.4598,71.3423
19.4731,71.2678
19.4864,71.1897
19.4998,71.1217
19.5098,71.0827
19.5231,71.039
19.5364,70.9741
19.5498,70.9175
19.5598,70.8609
19.5698,70.819
19.5831,70.7506
19.5931,70.7148
19.6031,70.6739
19.6164,70.6456
19.6298,70.5935
19.6431,70.5467
19.6531,70.5148
19.6665,70.4761
19.6798,70.4254
19.6931,70.3846
19.7031,70.3478
19.7131,70.3321
19.7231,70.311
19.7364,70.2844
19.7464,70.2562
19.7564,70.2304
19.7664,70.1994
19.7765,70.1731
19.7898,70.1248
19.8031,70.0852
19.8131,70.0457
19.8231,70.011
19.8364,69.9726
19.8465,69.9479
19.8565,69.9136
19.8698,69.869
19.8831,69.8028
19.8931,69.7519
19.9064,69.6919
19.9164,69.6598
19.9298,69.6373
19.9431,69.6058
19.9531,69.5786
19.9664,69.5245
19.9798,69.4821
19.9931,69.447
20.0064,69.4201
20.0164,69.4198
20.0298,69.4072
20.0398,69.4043
20.0498,69.3782
20.0631,69.3581
20.0765,69.3268
20.0897,69.3003
20.0998,69.2907
20.1098,69.2744
20.1231,69.2644
20.1331,69.2584
20.1431,69.2705
20.1565,69.2456
20.1698,69.1962
20.1831,69.1509
20.1931,69.1265
20.2031,69.1141
20.2164,69.1046
20.2264,69.0926
20.2364,69.0882
20.2498,69.0824
20.2598,69.0833
20.2698,69.0655
20.2831,69.0479
20.2931,69.0188
20.3064,68.9879
20.3164,68.9499
20.3264,68.9276
20.3364,68.9013
20.3498,68.8707
20.3598,68.8372
20.3731,68.8068
20.3831,68.7864
20.3931,68.7754
20.4064,68.755
20.4164,68.7523
20.4264,68.7458
20.4398,68.745
20.4531,68.7327
20.4631,68.7362
20.4765,68.7056
20.4898,68.6613
20.5031,68.602
20.5164,68.5611
20.5264,68.5308
20.5364,68.4954
20.5464,68.456
20.5565,68.4166
20.5698,68.3477
20.5831,68.2583
20.5964,68.1634
20.6064,68.1047
20.6198,68.0281
20.6331,67.9471
20.6465,67.8678
20.6598,67.7651
20.6698,67.6903
20.6798,67.6077
20.6931,67.5287
20.7031,67.4603
20.7131,67.4071
20.7264,67.322
20.7365,67.2663
20.7498,67.1962
20.7598,67.1465
20.7698,67.0991
20.7798,67.0504
20.7931,66.9866
20.8064,66.9295
20.8197,66.8801
20.8298,66.8497
20.8398,66.811
20.8531,66.7642
20.8631,66.7281
20.8731,66.7107
20.8864,66.6779
20.8998,66.6168
20.9098,66.5765
20.9231,66.5124
20.9331,66.4789
20.9464,66.4155
20.9598,66.3672
20.9698,66.3235
20.9831,66.2609
20.9965,66.1897
21.0098,66.1158
21.0231,66.0578
21.0331,66.0494
21.0464,66.0243
21.0598,66.0025
21.0698,65.9795
21.0798,65.9337
21.0931,65.866
21.1064,65.7619
21.1164,65.6875
21.1264,65.6054
21.1398,65.5198
21.1498,65.459
21.1598,65.4112
21.1731,65.3374
21.1864,65.2487
21.1998,65.1555
21.2098,65.0654
21.2198,65.001
21.2331,64.9233
21.2431,64.8709
21.2531,64.8169
21.2664,64.7438
21.2765,64.6955
21.2865,64.6487
21.2998,64.5817
21.3131,64.4994
21.3264,64.4248
21.3364,64.3874
21.3465,64.3559
21.3598,64.3288
21.3698,64.3036
21.3798,64.2898
21.3931,64.2481
21.4031,64.2039
21.4131,64.1482
21.4264,64.0853
21.4364,64.0585
21.4464,64.0271
21.4564,63.997
21.4698,63.9517
21.4798,63.9177
21.4931,63.8504
21.5065,63.7858
21.5198,63.7163
21.5331,63.6627
21.5431,63.6304
21.5531,63.5941
21.5631,63.5681
21.5731,63.5111
21.5865,63.4446
21.5998,63.3653
21.6131,63.2944
21.6231,63.2615
21.6364,63.2091
21.6498,63.1708
21.6631,63.1455
21.6764,63.1164
21.6865,63.1043
21.6965,63.0779
21.7098,63.0515
21.7198,63.0173
21.7298,62.9978
21.7431,62.9854
21.7531,62.9724
21.7664,62.9641
21.7764,62.9378
21.7864,62.9172
21.7964,62.889
21.8098,62.8373
21.8231,62.7882
21.8364,62.7417
21.8464,62.7031
21.8565,62.6636
21.8698,62.6021
21.8798,62.5578
21.8898,62.5263
21.9031,62.4899
21.9164,62.4551
21.9264,62.4324
21.9398,62.3977
21.9498,62.377
21.9631,62.3477
21.9764,62.3306
21.9864,62.3278
21.9998,62.2862
22.0131,62.267
22.0264,62.2553
22.0398,62.2432
22.0498,62.2528
22.0631,62.2566
22.0765,62.2633
22.0898,62.2563
22.1031,62.2171
22.1164,62.1758
22.1298,62.136
22.1431,62.089
22.1565,62.0678
22.1698,62.054
22.1831,62.0378
22.1931,62.0281
22.2065,61.986
22.2198,61.9357
22.2331,61.8785
22.2464,61.8274
22.2564,61.7959
22.2664,61.76
22.2798,61.7192
22.2898,61.6921
22.2998,61.686
22.3131,61.6717
22.3231,61.661
22.3331,61.6618
22.3464,61.6798
22.3564,61.6935
22.3665,61.7118
22.3798,61.7115
22.3898,61.707
22.3998,61.6909
22.4131,61.6544
22.4265,61.5965
22.4397,61.5454
22.4498,61.5092
22.4598,61.4854
22.4731,61.4754
22.4865,61.4781
22.4965,61.4825
22.5098,61.4613
22.5231,61.4398
22.5364,61.4421
22.5497,61.4454
22.5598,61.4432
22.5698,61.4317
22.5798,61.4121
22.5898,61.3818
22.6031,61.3258
22.6165,61.2555
22.6298,61.1603
22.6398,61.0993
22.6531,61.0118
22.6631,60.9435
22.6731,60.8704
22.6831,60.8146
22.6965,60.7404
22.7098,60.6612
22.7231,60.6055
22.7331,60.5728
22.7431,60.5771
22.7564,60.5924
22.7665,60.6183
22.7765,60.65
22.7898,60.6844
22.7998,60.6905
22.8098,60.6925
22.8231,60.6883
22.8331,60.6956
22.8464,60.7001
22.8564,60.7017
22.8664,60.697
22.8764,60.6903
22.8898,60.6841
22.8998,60.6645
22.9131,60.6382
22.9264,60.6248
22.9364,60.6339
22.9497,60.6473
22.9598,60.6641
22.9698,60.6674
22.9831,60.6716
22.9965,60.6629
23.0098,60.6512
23.0198,60.65
23.0298,60.6466
23.0431,60.6613
23.0564,60.6652
23.0664,60.6909
23.0764,60.6957
23.0864,60.7127
23.0965,60.705
23.1098,60.6953
23.1231,60.6668
23.1364,60.6156
23.1464,60.5879
23.1564,60.5487
23.1698,60.5176
23.1798,60.4949
23.1898,60.4853
23.2031,60.4724
23.2131,60.4359
23.2231,60.4007
23.2364,60.3519
23.2498,60.327
23.2631,60.3001
23.2731,60.2817
23.2831,60.2685
23.2964,60.2842
23.3065,60.2999
23.3165,60.3161
23.3298,60.3067
23.3398,60.2773
23.3531,60.2252
23.3631,60.1904
23.3731,60.1563
23.3831,60.1371
23.3964,60.1232
23.4064,60.1226
23.4198,60.118
23.4298,60.1112
23.4431,60.0875
23.4564,60.0548
23.4664,60.0466
23.4764,60.0269
23.4898,60.0009
23.5031,59.9653
23.5164,59.9275
23.5265,59.885
23.5398,59.8111
23.5531,59.7264
23.5664,59.6511
23.5764,59.6109
23.5865,59.5747
23.5998,59.5091
23.6131,59.4264
23.6264,59.3337
23.6364,59.2637
23.6498,59.1616
23.6631,59.046
23.6764,58.9351
23.6864,58.8495
23.6965,58.7855
23.7098,58.6925
23.7198,58.6395
23.7298,58.5742
23.7431,58.4937
23.7564,58.4168
23.7664,58.3787
23.7764,58.3761
23.7865,58.3779
23.7998,58.4051
23.8098,58.4091
23.8198,58.4133
23.8298,58.4058
23.8398,58.395
23.8498,58.3622
23.8631,58.3238
23.8731,58.2731
23.8831,58.217
23.8931,58.1505
23.9031,58.092
23.9131,58.0201
23.9231,57.9597
23.9364,57.8806
23.9498,57.8078
23.9631,57.7405
23.9731,57.6874
23.9831,57.6443
23.9964,57.5888
24.0098,57.5355
24.0198,57.491
24.0331,57.4266
24.0465,57.347
24.0598,57.2798
24.0731,57.234
24.0831,57.2219
24.0931,57.1926
24.1031,57.1624
24.1131,57.1148
24.1265,57.0806
24.1398,57.0512
24.1531,57.0264
24.1631,57.012
24.1731,56.9997
24.1864,57.0229
24.1964,57.0442
24.2065,57.0924
24.2198,57.1183
24.2298,57.1349
24.2431,57.1435
24.2531,57.1515
24.2664,57.1655
24.2797,57.1544
24.2898,57.135
24.2998,57.105
24.3131,57.0572
24.3231,56.9981
24.3331,56.9397
24.3464,56.8527
24.3564,56.777
24.3697,56.6703
24.3798,56.5864
24.3898,56.5156
24.3998,56.4577
24.4131,56.3671
24.4265,56.2802
24.4398,56.1975
24.4498,56.1288
24.4598,56.0794
24.4731,55.9988
24.4831,55.95
24.4931,55.8874
24.5065,55.8025
24.5198,55.7018
24.5331,55.6168
24.5431,55.5729
24.5531,55.5362
24.5664,55.4879
24.5798,55.4354
24.5898,55.4033
24.6031,55.3562
24.6164,55.3124
24.6298,55.2636
24.6431,55.2174
24.6531,55.1825
24.6664,55.1147
24.6798,55.0543
24.6931,55.0376
24.7031,55.022
24.7131,55.019
24.7264,54.9754
24.7365,54.9577
24.7465,54.9233
24.7598,54.8762
24.7731,54.8126
24.7831,54.7637
24.7931,54.7223
24.8031,54.6753
24.8164,54.619
24.8264,54.558
24.8364,54.4877
24.8464,54.4165
24.8565,54.3562
24.8698,54.2737
24.8831,54.1816
24.8931,54.1021
24.9031,54.027
24.9164,53.9231
24.9265,53.868
24.9365,53.8244
24.9498,53.7651
24.9631,53.6572
24.9731,53.5674
24.9864,53.473
24.9964,53.422
25.0064,53.3717
25.0164,53.3185
25.0298,53.2457
25.0431,53.1411
25.0531,53.0599
25.0631,52.9658
25.0764,52.8555
25.0897,52.7722
25.0998,52.7376
25.1098,52.7236
25.1198,52.7144
25.1298,52.7028
25.1431,52.6954
25.1565,52.6917
25.1697,52.6634
25.1798,52.6579
25.1898,52.6401
25.2031,52.6217
25.2131,52.5891
25.2231,52.5444
25.2365,52.463
25.2465,52.4019
25.2598,52.3365
25.2698,52.284
25.2831,52.2272
25.2964,52.1606
25.3064,52.0999
25.3165,52.0255
25.3298,51.9368
25.3398,51.9049
25.3498,51.8837
25.3631,51.8689
25.3731,51.839
25.3864,51.8068
25.3964,51.7864
25.4064,51.7595
25.4164,51.737
25.4298,51.7012
25.4398,51.6997
25.4531,51.7032
25.4631,51.7225
25.4731,51.7425
25.4864,51.7744
25.4964,51.8067
25.5064,51.8442
25.5198,51.9107
25.5331,51.9838
25.5431,52.0511
25.5565,52.1245
25.5698,52.1844
25.5831,52.2322
25.5964,52.2656
25.6064,52.3009
25.6198,52.338
25.6331,52.3698
25.6464,52.3813
25.6564,52.3738
25.6665,52.3661
25.6798,52.3403
25.6898,52.3186
25.6998,52.299
25.7131,52.2721
25.7264,52.238
25.7398,52.1905
25.7498,52.1441
25.7631,52.0793
25.7764,52.0189
25.7898,51.9872
25.7998,51.9755
25.8098,51.9874
25.8198,51.9958
25.8331,52.0178
25.8431,52.0168
25.8531,52.0222
25.8664,52.0125
25.8764,52.0032
25.8898,51.9847
25.9031,51.9816
25.9131,51.9926
25.9231,51.9958
25.9364,51.9968
25.9464,51.9791
25.9565,51.9633
25.9698,51.9369
25.9831,51.9272
25.9964,51.9286
26.0064,51.9524
26.0165,51.9797
26.0298,52.0156
26.0431,52.0422
26.0564,52.0723
26.0665,52.1081
26.0765,52.1446
26.0898,52.1876
26.1031,52.2008
26.1131,52.209
26.1264,52.2205
26.1364,52.2155
26.1464,52.1862
26.1565,52.1497
26.1698,52.0811
26.1831,52.0039
26.1931,51.9425
26.2064,51.8532
26.2198,51.7777
26.2298,51.7044
26.2398,51.6335
26.2531,51.5312
26.2665,51.4419
26.2798,51.3831
26.2931,51.3243
26.3031,51.2848
26.3164,51.2621
26.3264,51.261
26.3398,51.3088
26.3498,51.3365
26.3598,51.3733
26.3731,51.3939
26.3831,51.4139
26.3964,51.4161
26.4098,51.4084
26.4198,51.3777
26.4298,51.346
26.4431,51.3117
26.4531,51.2877
26.4631,51.282
26.4764,51.2611
26.4898,51.2552
26.5031,51.2273
26.5131,51.167
26.5231,51.0908
26.5364,50.9936
26.5498,50.9122
26.5598,50.8637
26.5698,50.8099
26.5831,50.7673
26.5964,50.7042
26.6064,50.6468
26.6164,50.5867
26.6264,50.5426
26.6365,50.5095
26.6498,50.4587
26.6631,50.409
26.6764,50.3208
26.6898,50.2436
26.6998,50.1802
26.7131,50.1015
26.7264,49.9958
26.7364,49.9051
26.7465,49.8245
26.7598,49.7183
26.7731,49.6286
26.7864,49.5524
26.7964,49.4683
26.8098,49.3699
26.8231,49.2841
26.8331,49.234
26.8464,49.2094
26.8564,49.1942
26.8664,49.1998
26.8764,49.1766
26.8898,49.1306
26.9031,49.0859
26.9164,49.0868
26.9264,49.0802
26.9365,49.0729
26.9498,49.0312
26.9598,48.8722
26.9679,48.2943
26.9687,47.5405
26.9687,47.5065
